14,	1,	0,	1
16,	0,	0,	1
18,	0,	0,	1
20,	0,	0,	1
22,	1,	0,	1
50,	3,	2,	2
52,	2,	0,	1
54,	2,	0,	1
56,	2,	0,	1
58,	2,	0,	1
86,	9,	6,	2
88,	3,	0,	1
90,	3,	0,	1
92,	3,	0,	1
94,	3,	0,	1
96,	3,	0,	1
122,	11,	6,	2
124,	5,	0,	1
126,	4,	0,	1
128,	4,	0,	1
130,	5,	0,	1
158,	13,	6,	2
160,	6,	0,	1
162,	6,	0,	1
164,	6,	0,	1
166,	7,	0,	1
194,	13,	5,	2
196,	8,	0,	1
198,	7,	0,	1
200,	7,	0,	1
202,	8,	0,	1
204,	8,	0,	1
230,	13,	5,	1
232,	8,	0,	1
234,	8,	0,	1
236,	7,	0,	1
238,	8,	0,	1
240,	8,	0,	1
266,	13,	5,	1
268,	8,	0,	1
270,	7,	0,	1
272,	7,	0,	1
274,	8,	0,	1
276,	8,	0,	1
302,	13,	5,	1
304,	8,	0,	1
306,	7,	0,	1
308,	7,	0,	1
310,	8,	0,	1
312,	8,	0,	1
338,	13,	5,	1
340,	8,	0,	1
342,	8,	0,	1
344,	7,	0,	1
346,	8,	0,	1
374,	13,	5,	2
376,	7,	0,	1
378,	7,	0,	1
380,	6,	0,	1
382,	7,	0,	1
384,	7,	0,	1
410,	13,	5,	1
412,	8,	0,	1
414,	7,	0,	1
416,	7,	0,	1
418,	7,	0,	1
420,	7,	0,	1
422,	7,	0,	1
446,	13,	4,	1
448,	8,	0,	1
450,	8,	0,	1
452,	8,	0,	1
454,	8,	0,	1
456,	9,	0,	1
482,	14,	5,	1
484,	8,	0,	1
486,	7,	0,	1
488,	7,	0,	1
490,	8,	0,	1
518,	13,	5,	2
520,	8,	0,	1
522,	7,	0,	1
524,	7,	0,	1
526,	8,	0,	1
554,	14,	5,	2
556,	8,	0,	1
558,	7,	0,	1
560,	7,	0,	1
562,	8,	0,	1
564,	8,	0,	1
590,	13,	5,	1
592,	8,	0,	1
594,	8,	0,	1
596,	7,	0,	1
598,	8,	0,	1
600,	8,	0,	1
626,	13,	5,	2
628,	8,	0,	1
630,	8,	0,	1
632,	7,	0,	1
634,	8,	0,	1
636,	8,	0,	1
662,	13,	5,	1
664,	8,	0,	1
666,	7,	0,	1
668,	6,	0,	1
670,	7,	0,	1
672,	7,	0,	1
674,	8,	0,	1
698,	13,	4,	1
700,	8,	0,	1
702,	8,	0,	1
704,	8,	0,	1
706,	8,	0,	1
708,	9,	0,	1
734,	13,	5,	1
736,	8,	0,	1
738,	8,	0,	1
740,	7,	0,	1
742,	8,	0,	1
744,	8,	0,	1
770,	13,	5,	1
772,	8,	0,	1
774,	7,	0,	1
776,	6,	0,	1
778,	7,	0,	1
780,	7,	0,	1
806,	13,	4,	2
808,	7,	0,	1
810,	8,	0,	1
812,	7,	0,	1
814,	8,	0,	1
816,	8,	0,	1
842,	13,	5,	1
844,	8,	0,	1
846,	7,	0,	1
848,	7,	0,	1
850,	8,	0,	1
852,	8,	0,	1
878,	13,	5,	1
880,	8,	0,	1
882,	7,	0,	1
884,	7,	0,	1
886,	8,	0,	1
888,	8,	0,	1
914,	13,	5,	1
916,	8,	0,	1
918,	8,	0,	1
920,	7,	0,	1
922,	8,	0,	1
924,	8,	0,	1
950,	13,	5,	1
952,	8,	0,	1
954,	7,	0,	1
956,	7,	0,	1
958,	8,	0,	1
960,	8,	0,	1
986,	14,	5,	1
988,	8,	0,	1
990,	7,	0,	1
992,	7,	0,	1
994,	8,	0,	1
996,	8,	0,	1
1022,	13,	5,	1
1024,	8,	0,	1
1026,	7,	0,	1
1028,	7,	0,	1
1030,	8,	0,	1
1058,	14,	5,	2
1060,	7,	0,	1
1062,	7,	0,	1
1064,	7,	0,	1
1066,	7,	0,	1
1068,	7,	0,	1
1094,	13,	5,	2
1096,	7,	0,	1
1098,	7,	0,	1
1100,	7,	0,	1
1102,	7,	0,	1
1104,	7,	0,	1
1106,	7,	0,	1
1130,	13,	4,	1
1132,	7,	0,	1
1134,	7,	0,	1
1136,	8,	0,	1
1138,	8,	0,	1
1140,	9,	0,	1
1166,	14,	4,	1
1168,	8,	0,	1
1170,	8,	0,	1
1172,	8,	0,	1
1174,	8,	0,	1
1202,	14,	5,	2
1204,	8,	0,	1
1206,	7,	0,	1
1208,	7,	0,	1
1210,	8,	0,	1
1238,	13,	5,	2
1240,	8,	0,	1
1242,	7,	0,	1
1244,	7,	0,	1
1246,	8,	0,	1
1248,	8,	0,	1
1274,	13,	4,	2
1276,	8,	0,	1
1278,	8,	0,	1
1280,	8,	0,	1
1282,	8,	0,	1
1284,	9,	0,	1
1310,	13,	4,	1
1312,	8,	0,	1
1314,	8,	0,	1
1316,	8,	0,	1
1318,	9,	0,	1
1346,	14,	5,	2
1348,	8,	0,	1
1350,	7,	0,	1
1352,	7,	0,	1
1354,	8,	0,	1
1356,	8,	0,	1
1382,	13,	5,	1
1384,	8,	0,	1
1386,	7,	0,	1
1388,	7,	0,	1
1390,	8,	0,	1
1392,	8,	0,	1
1418,	13,	5,	1
1420,	8,	0,	1
1422,	7,	0,	1
1424,	7,	0,	1
1426,	8,	0,	1
1454,	13,	5,	2
1456,	8,	0,	1
1458,	7,	0,	1
1460,	8,	0,	1
1462,	8,	0,	1
1464,	8,	0,	1
1490,	14,	5,	1
1492,	8,	0,	1
1494,	7,	0,	1
1496,	7,	0,	1
1498,	8,	0,	1
1526,	13,	5,	2
1528,	8,	0,	1
1530,	7,	0,	1
1532,	7,	0,	1
1534,	8,	0,	1
1536,	8,	0,	1
1562,	13,	4,	1
1564,	8,	0,	1
1566,	8,	0,	1
1568,	8,	0,	1
1570,	8,	0,	1
1598,	14,	5,	2
1600,	8,	0,	1
1602,	7,	0,	1
1604,	7,	0,	1
1606,	8,	0,	1
1608,	8,	0,	1
1634,	13,	5,	1
1636,	8,	0,	1
1638,	7,	0,	1
1640,	7,	0,	1
1642,	8,	0,	1
1670,	13,	5,	2
1672,	8,	0,	1
1674,	7,	0,	1
1676,	8,	0,	1
1678,	8,	0,	1
1706,	14,	5,	2
1708,	8,	0,	1
1710,	7,	0,	1
1712,	8,	0,	1
1714,	8,	0,	1
1716,	8,	0,	1
1742,	13,	4,	2
1744,	8,	0,	1
1746,	8,	0,	1
1748,	8,	0,	1
1750,	8,	0,	1
1752,	9,	0,	1
1778,	13,	5,	1
1780,	8,	0,	1
1782,	8,	0,	1
1784,	7,	0,	1
1786,	8,	0,	1
1788,	8,	0,	1
1814,	13,	5,	1
1816,	8,	0,	1
1818,	7,	0,	1
1820,	7,	0,	1
1822,	8,	0,	1
1824,	8,	0,	1
1850,	13,	4,	1
1852,	8,	0,	1
1854,	8,	0,	1
1856,	8,	0,	1
1858,	8,	0,	1
1860,	9,	0,	1
1886,	13,	4,	1
1888,	8,	0,	1
1890,	8,	0,	1
1892,	7,	0,	1
1894,	7,	0,	1
1896,	8,	0,	1
1922,	13,	5,	2
1924,	7,	0,	1
1926,	7,	0,	1
1928,	7,	0,	1
1930,	8,	0,	1
1932,	8,	0,	1
1958,	13,	5,	1
1960,	8,	0,	1
1962,	7,	0,	1
1964,	7,	0,	1
1966,	8,	0,	1
1994,	13,	5,	2
1996,	8,	0,	1
1998,	7,	0,	1
